# Galaxy,log(gbar),log(gbar+e),log(gbar-e),log(gobs),log(gobs+e),log(gobs-e)
1,-12.15,+0.27,-0.27,-10.81,+0.18,-0.18
2,-12.18,+0.14,-0.14,-10.48,+0.12,-0.12
3,-11.35,+0.17,-0.17,-10.77,+0.08,-0.08
4,-11.06,+0.18,−0.18,-10.56,+0.06,−0.06
5,-11.67,+0.26,−0.26,-10.71,+0.14,−0.14
6,-11.48+0.26,−0.26,-10.58,+0.13,−0.13
7,-12.96,+0.24,−0.24,-11.09,+0.15,−0.15
8,-12.60,+0.25,−0.25,-10.66,+0.12,−0.12
9,-13.47,+0.14,−0.14,-11.14,+0.15,−0.12
10,-13.40,+0.50,−0.53,-9.75,+0.63,−0.64
11,-13.40,+0.14,−0.14,-11.06,+0.05,−0.05
12,-12.76,+0.14,−0.14,-10.69,+0.19,−0.19
13,-13.19,+0.27,−0.27,-10.59,+0.16,−0.16
14,-12.92,+0.22,−0.22,-11.11,+0.22,−0.22
15,-12.78,+0.17,−0.15,-10.24,+0.50,−0.17
16,-12.88,+0.28,−0.19-10.65,+0.12,−0.87
17,-13.30,+0.30,−0.30,-11.15,+0.47,−0.47
18,-13.03,+0.38,−0.38,-11.35,+0.88,−0.53
19,-11.70,+0.14,−0.14,-10.47,+0.19,−0.19
20,
21,
22,
23,
24,
25,
26,
27,
28,
29,
30,
31,
32,
33,
34,
35,
36,
37,
38,
39,
40,
41,
42,
43,
44,
45,
46,
47,
48,
49,
50,
51,
52,
53,
54,
55,
56,
57,
58,
59,
60,
61,
62,
