# r [Mpc] p50 [m/s^2] p16 [m/s^2] p84 [m/s^2]
3.5390e-02 8.9777e-12 6.0488e-12 2.0673e-11
4.8108e-02 8.6235e-12 7.1913e-12 1.4452e-11
6.5396e-02 7.7436e-12 6.4937e-12 1.0568e-11
8.8896e-02 5.9067e-12 4.8580e-12 7.7043e-12
1.2084e-01 4.1487e-12 3.4524e-12 5.2302e-12
1.6427e-01 2.8511e-12 2.4098e-12 3.5031e-12
2.2330e-01 2.0129e-12 1.7282e-12 2.4116e-12
3.0354e-01 1.5155e-12 1.3172e-12 1.7774e-12
4.1262e-01 1.2341e-12 1.0744e-12 1.4269e-12
5.6090e-01 1.0293e-12 8.9853e-13 1.1689e-12
7.6247e-01 7.8717e-13 6.8662e-13 8.9312e-13
1.0365e+00 5.4298e-13 4.7254e-13 6.1888e-13
1.4089e+00 3.5747e-13 3.0698e-13 4.1279e-13
1.9152e+00 2.3292e-13 1.9403e-13 2.8054e-13
2.6035e+00 1.4942e-13 1.1895e-13 1.9394e-13
