# r [Mpc] p50 [m/s^2] p16 [m/s^2] p84 [m/s^2]
3.5390e-02 1.9979e-11 1.4928e-11 3.3442e-11
4.8108e-02 2.0795e-11 1.8505e-11 2.7084e-11
6.5396e-02 2.0311e-11 1.8222e-11 2.3318e-11
8.8896e-02 1.6288e-11 1.4614e-11 1.8496e-11
1.2084e-01 1.2423e-11 1.1345e-11 1.3760e-11
1.6427e-01 9.9922e-12 9.2371e-12 1.0858e-11
2.2330e-01 7.7076e-12 7.1728e-12 8.3005e-12
3.0354e-01 5.7384e-12 5.3626e-12 6.1506e-12
4.1262e-01 4.3764e-12 4.0999e-12 4.6616e-12
5.6090e-01 3.2111e-12 3.0089e-12 3.4236e-12
7.6247e-01 2.2642e-12 2.1218e-12 2.4083e-12
1.0365e+00 1.5439e-12 1.4387e-12 1.6534e-12
1.4089e+00 1.0027e-12 9.2228e-13 1.0857e-12
1.9152e+00 6.3631e-13 5.7119e-13 7.0749e-13
2.6035e+00 3.9812e-13 3.4421e-13 4.7157e-13
