# r [Mpc] p50 [m/s^2] p16 [m/s^2] p84 [m/s^2]
3.5390e-02 1.5033e-11 9.6464e-12 3.4724e-11
4.8108e-02 1.3938e-11 1.1446e-11 2.3865e-11
6.5396e-02 1.2701e-11 1.0847e-11 1.7352e-11
8.8896e-02 1.0474e-11 8.9170e-12 1.3209e-11
1.2084e-01 8.3736e-12 7.3440e-12 1.0034e-11
1.6427e-01 6.9339e-12 6.2046e-12 7.9564e-12
2.2330e-01 5.6711e-12 5.1576e-12 6.3354e-12
3.0354e-01 4.4073e-12 4.0470e-12 4.8463e-12
4.1262e-01 3.2153e-12 2.9586e-12 3.5177e-12
5.6090e-01 2.2036e-12 2.0272e-12 2.4042e-12
7.6247e-01 1.4439e-12 1.3198e-12 1.5801e-12
1.0365e+00 9.0660e-13 8.1848e-13 1.0034e-12
1.4089e+00 5.5260e-13 4.9091e-13 6.2111e-13
1.9152e+00 3.3348e-13 2.9003e-13 3.8540e-13
2.6035e+00 2.0018e-13 1.6898e-13 2.4222e-13
