# r [Mpc] p50 [m/s^2] p16 [m/s^2] p84 [m/s^2]
3.5390e-02 1.6471e-11 1.1444e-11 3.2781e-11
4.8108e-02 1.6273e-11 1.3953e-11 2.4225e-11
6.5396e-02 1.5227e-11 1.3316e-11 1.8999e-11
8.8896e-02 1.2588e-11 1.0951e-11 1.5063e-11
1.2084e-01 9.7866e-12 8.6878e-12 1.1298e-11
1.6427e-01 7.4368e-12 6.7171e-12 8.3843e-12
2.2330e-01 5.9026e-12 5.3688e-12 6.5269e-12
3.0354e-01 4.7132e-12 4.3172e-12 5.1544e-12
4.1262e-01 3.5628e-12 3.2880e-12 3.8685e-12
5.6090e-01 2.6066e-12 2.4146e-12 2.8212e-12
7.6247e-01 1.8840e-12 1.7453e-12 2.0358e-12
1.0365e+00 1.3232e-12 1.2194e-12 1.4333e-12
1.4089e+00 8.9958e-13 8.1658e-13 9.8560e-13
1.9152e+00 5.9171e-13 5.2213e-13 6.6798e-13
2.6035e+00 3.7579e-13 3.1986e-13 4.4598e-13
