# gdm [m/s^2] gbar [m/s^2]
3.973450437433984007e-11 2.363806708074216664e-11
3.972865848407993896e-11 2.363790764567462174e-11
3.972923194520620305e-11 2.363747835864366766e-11
3.972872892313031683e-11 2.363650844402162415e-11
3.972789438828188881e-11 2.363436629744174714e-11
3.972599296567661401e-11 2.362962930369818170e-11
3.972180257626613938e-11 2.361915386267184414e-11
3.971253777684134914e-11 2.359599843501487997e-11
3.969205553187521894e-11 2.354486431650242807e-11
3.964680756198732107e-11 2.343218702390409397e-11
3.954701792933997601e-11 2.318507055240349827e-11
3.932776119645071170e-11 2.264875562561535656e-11
3.884993820260016160e-11 2.151130672791069598e-11
3.782699270226238350e-11 1.921744602687899003e-11
3.571857563490669766e-11 1.506725124148451886e-11
3.169774586133396447e-11 9.077540374644047709e-12
2.507887641090105767e-11 3.476956975747205041e-12
1.654047664715977914e-11 8.281226547613094887e-13
8.651227403068618532e-12 1.699875055920640951e-13
3.590234392996681661e-12 3.473459726224950602e-14
1.235132247656638214e-12 7.097527686166483496e-15
3.717589472580644146e-13 1.450280217028696562e-15
1.022192794026541470e-13 2.963444175081270351e-16
2.643927416885787951e-14 6.055382453478855342e-17
6.554998682468266551e-15 1.237332458165641733e-17
1.576611971618614028e-15 2.528315302612579768e-18
3.707825446631715468e-16 5.166257643399822475e-19
8.571445322132910265e-17 1.055652276059372171e-19
1.954908998490500070e-17 2.157077336963732064e-20
4.410437740494600982e-18 4.407684938653810198e-21
