# gdm [m/s^2] gbar [m/s^2]
1.397985616552377979e-10 5.540517940034375984e-11
1.382214839806097159e-10 5.540416744370307217e-11
1.385131139530931946e-10 5.540716650626218544e-11
1.384309245461385006e-10 5.540652678937721486e-11
1.384418008610805881e-10 5.540607010271976548e-11
1.384454546863937972e-10 5.540517326552892310e-11
1.384438429556450416e-10 5.540328665899730126e-11
1.384414352757518728e-10 5.539911641813129281e-11
1.384359776266269635e-10 5.538989237261596423e-11
1.384238586299852421e-10 5.536949256676448688e-11
1.383970383539106640e-10 5.532439395443520770e-11
1.383377335827903726e-10 5.522477285728899115e-11
1.382066915213144410e-10 5.500510580425951292e-11
1.379175413003410823e-10 5.452264018461386720e-11
1.372814927196845871e-10 5.347216049738823589e-11
1.358918662488133045e-10 5.122836645765442497e-11
1.329006216713934657e-10 4.663280795253583720e-11
1.266638499418807567e-10 3.803841520803635192e-11
1.144915724986223792e-10 2.476481457049991289e-11
9.358863322230302151e-11 1.070461365974862407e-11
6.478074217261472871e-11 2.786451943014397952e-12
3.584193210472018634e-11 5.773587001211668463e-13
1.565571713512991492e-11 1.179768375633018191e-13
5.599350838007294405e-12 2.410691175173758917e-14
1.731132836931315892e-12 4.925909239543266640e-15
4.846540121306421003e-13 1.006540451390202375e-15
1.269060036107607055e-13 2.056724212764280287e-16
3.173569860874172465e-14 4.202627407103556241e-17
7.681012515206781041e-15 8.587479552837032854e-18
1.814904136603842191e-15 1.754730979618731844e-18
