# gdm [m/s^2] gbar [m/s^2]
9.023314998391632994e-11 1.890084666699639075e-10
9.030352983658013975e-11 1.890022140532673216e-10
9.024511209930492692e-11 1.890022484158515584e-10
9.024755207731638509e-11 1.890010838194487793e-10
9.024962390135973421e-11 1.889976063905933098e-10
9.024838842118965190e-11 1.889900247032868696e-10
9.024649558304335795e-11 1.889732530501691036e-10
9.024226453504429687e-11 1.889361462033832469e-10
9.023294378692049858e-11 1.888540889527423971e-10
9.021232487362915800e-11 1.886727031854934390e-10
9.016674160548784261e-11 1.882721346271808424e-10
9.006603945520130390e-11 1.873893859854096774e-10
8.984393757288148622e-11 1.854530589399411089e-10
8.935587033547111983e-11 1.812490339957789933e-10
8.829191136124926166e-11 1.723252897752532661e-10
8.601265175533579603e-11 1.542956397338350342e-10
8.130835645469591834e-11 1.215460430146073439e-10
7.231246631465385254e-11 7.389900205647429946e-11
5.743051893154189087e-11 2.869436203406303678e-11
3.808656793641061057e-11 6.894415484391316156e-12
2.004514297708286951e-11 1.416140981399421638e-12
8.364964075285250752e-12 2.893689463182229382e-13
2.889732101935681845e-12 5.912848485053705910e-14
8.722535183558210295e-13 1.208207641215017366e-14
2.402956705148447868e-13 2.468802824865716633e-15
6.223443602987914802e-14 5.044652243662026853e-16
1.544379067307180141e-14 1.030803918529561636e-16
3.717044122895767370e-15 2.106303204132392935e-17
8.746047493951723420e-16 4.303935120917168597e-18
2.022632661124830658e-16 8.794487654351879706e-19
