# gdm [m/s^2] gbar [m/s^2]
7.921674367966633957e-11 2.332272201758130547e-10
7.930397807710894545e-11 2.332278055542940111e-10
7.934353139938555715e-11 2.332274778799670298e-10
7.933609687049229601e-11 2.332250533792617286e-10
7.933664503227167890e-11 2.332194679808394727e-10
7.933566419298012409e-11 2.332072545241760240e-10
7.933346121702722229e-11 2.331802369664055755e-10
7.932862148437349331e-11 2.331204824155849221e-10
7.931792718418224789e-11 2.329883528927136541e-10
7.929427482110350100e-11 2.326963529754977889e-10
7.924199379810053145e-11 2.320518478507025556e-10
7.912654340159046531e-11 2.306331882593495704e-10
7.887214817234112312e-11 2.275293643489503383e-10
7.831424809290106364e-11 2.208288365976246560e-10
7.710343189261412152e-11 2.067825559034814233e-10
7.453420744173276666e-11 1.791634426418552308e-10
6.933624322786344246e-11 1.318037087597346525e-10
5.977954882383246667e-11 7.042765804337200179e-11
4.502964119571625603e-11 2.288382803419127384e-11
2.773513718940890555e-11 5.017197033573219721e-12
1.346810292062570495e-11 1.025904866586611581e-12
5.243480378930602735e-12 2.096292704419313690e-13
1.721346776506093429e-12 4.283480069047826828e-14
5.018243410838287230e-13 8.752690625335390254e-15
1.350493679097393963e-13 1.788489544667440383e-15
3.441980744174628872e-14 3.654527491381748845e-16
8.444977449830341145e-15 7.467514263690238463e-17
2.015710229981766396e-15 1.525881783894675974e-17
4.713102244018462379e-16 3.117925371422093172e-18
1.084628993850619696e-16 6.371043107248042890e-19
