# gdm [m/s^2] gbar [m/s^2]
5.786508599605363427e-11 3.112419931341787342e-10
5.784421013783405337e-11 3.112402561637718821e-10
5.784714069408283440e-11 3.112370887387864656e-10
5.784799251133586446e-11 3.112299475486578587e-10
5.784731232748230878e-11 3.112141867049582438e-10
5.784588340495090966e-11 3.111792993907237199e-10
5.784283630735822696e-11 3.111021394902363102e-10
5.783607670941615011e-11 3.109315196942719561e-10
5.782112457806989436e-11 3.105544462747664168e-10
5.778807058932816740e-11 3.097221049586508031e-10
5.771506125215616841e-11 3.078896905919207509e-10
5.755410064485242079e-11 3.038791949228781991e-10
5.720069975639676081e-11 2.952145146520464847e-10
5.643177672232327243e-11 2.770193602723699308e-10
5.479133930182422392e-11 2.411080399566622122e-10
5.143475726608579532e-11 1.790402471869166105e-10
4.512550728304316388e-11 9.733088339724105631e-11
3.500418836795605987e-11 3.232543398108238647e-11
2.244661746131176402e-11 7.149521330116385094e-12
1.137933966441474062e-11 1.462248543446222284e-12
4.595018121549845489e-12 2.987899841942522243e-13
1.549099250232040423e-12 6.105354178016468158e-14
4.598437007528696657e-13 1.247543479060846497e-14
1.252664894117813032e-13 2.549180091388035988e-15
3.219454356971347987e-14 5.208891912305186040e-16
7.946026216838640862e-15 1.064363990827522091e-16
1.904904602169211503e-15 2.174878503994411578e-17
4.468776953952293684e-16 4.444059126295143427e-18
1.031061560902198745e-16 9.080811402446075469e-19
2.347946934887001314e-17 1.855536422521429312e-19
