# gdm [m/s^2] gbar [m/s^2]
2.278211445043433312e-11 5.568265730409641266e-12
2.278212256313074918e-11 5.568139539130627318e-12
2.278188087752093183e-11 5.567858023458538566e-12
2.278127086699954670e-11 5.567235543168391527e-12
2.277992824775518373e-11 5.565858930748636726e-12
2.277696509738647805e-11 5.562814911512287189e-12
2.277041129570220304e-11 5.556087540771256378e-12
2.275592435289727635e-11 5.541237639849798153e-12
2.272393131597331124e-11 5.508544874335444246e-12
2.265342485266819243e-11 5.436990043030275788e-12
2.249875407218754589e-11 5.282385603233167858e-12
2.216284788641436968e-11 4.957681582598393901e-12
2.144907419217521674e-11 4.316621411561473370e-12
2.000070881445936350e-11 3.207906111653475950e-12
1.732242328165335808e-11 1.746419576223712037e-12
1.314728942193917272e-11 5.810992405655211334e-13
8.180894267354008852e-12 1.286230742697936866e-13
4.015424918081124390e-12 2.630707734620540035e-14
1.577399028680364204e-12 5.375482348871845192e-15
5.212024935818517775e-13 1.098404409573577545e-15
1.526160200439842533e-13 2.244435324439083506e-16
4.119343694738981746e-14 4.586188731293996511e-17
1.052035111566597181e-14 9.371233312015612323e-18
2.584942541681861004e-15 1.914880065641177413e-18
6.176533835295709346e-16 3.912788790658434162e-19
1.445361885880921651e-16 7.995234999313616128e-20
3.328334967719269048e-17 1.633714113239739779e-20
7.567537169713930875e-18 3.338265609488455617e-21
1.702992276003540797e-18 6.821277473935908405e-22
3.799998760559743534e-19 1.393832361456557660e-22
