# gdm [m/s^2] gbar [m/s^2]
7.134114145905842330e-11 3.765373962279019544e-10
7.127455715326125524e-11 3.765389516840875638e-10
7.128072906224583140e-11 3.765365087047767001e-10
7.127781629558895073e-11 3.765307506426425867e-10
7.127793545910877771e-11 3.765181226116395211e-10
7.127677163615200212e-11 3.764903293253348261e-10
7.127430305181498036e-11 3.764288298462457058e-10
7.126877498930598964e-11 3.762928241915750577e-10
7.125655271996915950e-11 3.759921460757965726e-10
7.122952794458949214e-11 3.753279407971184500e-10
7.116980542072363601e-11 3.738632608599251097e-10
7.103798600382182810e-11 3.706458728419819265e-10
7.074783225019466083e-11 3.636384960137331708e-10
7.011300608413634729e-11 3.486610310775883476e-10
6.874227320748516413e-11 3.179410313394710170e-10
6.586541236054748086e-11 2.603114698867958218e-10
6.017496414223757746e-11 1.707336556876147298e-10
5.015524282860275999e-11 7.469881020266913348e-11
3.577482765508928971e-11 1.964652631146828342e-11
2.053352136870438038e-11 4.076954412723788336e-12
9.287920678218463086e-12 8.330836579835043058e-13
3.413721482042091237e-12 1.702289588333033050e-13
1.075704234994521394e-12 3.478389972927005863e-14
3.050439037348252874e-13 7.107601953676535364e-15
8.057291075038765162e-14 1.452338752270391854e-15
2.027160559798141190e-14 2.967650503071927826e-16
4.927858558968341742e-15 6.063977494655058279e-17
1.168183024376665611e-15 1.239088734256919544e-17
2.717156983958550379e-16 2.531904006430951214e-18
6.227331489298396172e-17 5.173590656221604612e-19
