# gdm [m/s^2] gbar [m/s^2]
8.090170392097313002e-11 2.277613425277095747e-10
8.103262336106517649e-11 2.277595360623096940e-10
8.104981190079088023e-11 2.277601411762714594e-10
8.105611614211422666e-11 2.277580917716272534e-10
8.105668064007077987e-11 2.277529347123812714e-10
8.105546629791521974e-11 2.277414912571253402e-10
8.105330840228220825e-11 2.277161639500267610e-10
8.104856988922864692e-11 2.276601455469602216e-10
8.103808005153531870e-11 2.275362766596734293e-10
8.101488288728835149e-11 2.272625211265588407e-10
8.096360474051130050e-11 2.266582303806307471e-10
8.085036081864543829e-11 2.253278224175864499e-10
8.060078824279378276e-11 2.224157915495223693e-10
8.005327467595989959e-11 2.161231717661399833e-10
7.886410076019737596e-11 2.029037537113531029e-10
7.633669157393730438e-11 1.767897713688233122e-10
7.120600362293331003e-11 1.315706678217892253e-10
6.171066746119938751e-11 7.181953175067974216e-11
4.688746449620374424e-11 2.397946777007939469e-11
2.921854733030820318e-11 5.315392126183177709e-12
1.436358737068123336e-11 1.087194090961526168e-12
5.649886089341735844e-12 2.221528672448881861e-13
1.868595276755845576e-12 4.539382201346267747e-14
5.475044432387170381e-13 9.275590734187721347e-15
1.478438684261921277e-13 1.895336846556626413e-15
3.776893408743654977e-14 3.872854964023811060e-16
9.282121157206158419e-15 7.913635826588542276e-17
2.218241024041024142e-15 1.617040466984053569e-17
5.191487790899791195e-16 3.304195352379815537e-18
1.195590302530419919e-16 6.751659682983030602e-19
