# gdm [m/s^2] gbar [m/s^2]
7.141711899539647651e-11 2.492462066354595717e-10
7.135713214280106018e-11 2.492462572497176033e-10
7.133771975580538592e-11 2.492452139223480923e-10
7.133763104064670393e-11 2.492418712334443383e-10
7.133664351378117843e-11 2.492345174834311477e-10
7.133555929872569093e-11 2.492182874631980787e-10
7.133309554502097947e-11 2.491824046354654572e-10
7.132768651710268918e-11 2.491030443276900528e-10
7.131573587338916315e-11 2.489275824255320545e-10
7.128930819495606090e-11 2.485399166390106510e-10
7.123090289207662775e-11 2.476847273290738118e-10
7.110198425710504076e-11 2.458046046773779084e-10
7.081818303066223990e-11 2.417021886963411117e-10
7.019709939916932962e-11 2.328980734561142761e-10
6.885530626720265388e-11 2.146792240197802343e-10
6.603589838903892272e-11 1.798429115754325904e-10
6.044577391850697901e-11 1.235072461483303071e-10
5.055825405586753104e-11 5.838658464961339248e-11
3.626195392213595381e-11 1.651370070667794561e-11
2.095740759264547324e-11 3.473177063371685868e-12
9.543577735236275981e-12 7.097527685562761209e-13
3.526407042357004650e-12 1.450280217028696499e-13
1.115378346327430258e-12 2.963444175081269641e-14
3.170929544039883425e-13 6.055382453478854257e-15
8.389856468148047167e-14 1.237332458165641505e-15
2.113338027748892421e-14 2.528315302612579414e-16
5.141734783988828584e-15 5.166257643399822167e-17
1.219657940616123203e-15 1.055652276059371950e-17
2.838268314778601530e-16 2.157077336963731330e-18
6.507399739370377661e-17 4.407684938653809596e-19
