# gdm [m/s^2] gbar [m/s^2]
-1.417228242642789886e-10 1.957405321674791659e-12
3.471967863160859196e-10 1.919847929197956308e-12
3.366215332606855010e-10 1.932865191195687952e-12
3.357558903006768228e-10 1.931767057032529494e-12
3.305601629335066897e-10 1.931674960609419362e-12
3.307218164942830006e-10 1.931647095756167331e-12
3.307708186070705714e-10 1.931632653134118512e-12
3.307567981350907207e-10 1.931616564510433234e-12
3.307570325229701009e-10 1.931578122410103422e-12
3.307532841382915484e-10 1.931494248992649829e-12
3.307460184716576457e-10 1.931308818759511064e-12
3.307292835735717262e-10 1.930898683190390050e-12
3.306923308413013724e-10 1.929991719705328097e-12
3.306106110499688240e-10 1.927987023436994216e-12
3.304299478224196371e-10 1.923560520914175529e-12
3.300308725821548089e-10 1.913808714650232945e-12
3.291509155475891068e-10 1.892432705311371736e-12
3.272182641033908185e-10 1.846093181963667725e-12
3.230101864218930237e-10 1.748058319873470573e-12
3.140185232921320412e-10 1.551423839969536269e-12
2.955597963954186702e-10 1.199747484589483807e-12
2.606378623590816996e-10 7.039413989573814771e-13
2.039668957516717070e-10 2.594052348850244275e-13
1.324300964112848043e-10 6.036895180175734722e-14
6.806005516778046368e-11 1.237331968768544160e-14
2.781139424330424187e-11 2.528315302612578428e-15
9.458477412541578773e-12 5.166257643399823153e-16
2.824562356708320037e-12 1.055652276059371950e-16
7.725454830860786204e-13 2.157077336963731715e-17
1.990989611160750977e-13 4.407684938653809982e-18
