# gdm [m/s^2] gbar [m/s^2]
1.002208295864125420e-10 1.480617699819337077e-10
1.004551679135046415e-10 1.480685868531161209e-10
1.003618777110734648e-10 1.480677979684462852e-10
1.003729176803765737e-10 1.480666592856411328e-10
1.003744043953321627e-10 1.480644172677087213e-10
1.003733482618878557e-10 1.480596692807129820e-10
1.003718175167817406e-10 1.480491817662900713e-10
1.003680791801451718e-10 1.480259834394198410e-10
1.003598106018979564e-10 1.479746784683997135e-10
1.003415111866171670e-10 1.478612515622820690e-10
1.003010461087335135e-10 1.476106741217705854e-10
1.002116266878595809e-10 1.470580385159007338e-10
1.000142888540613773e-10 1.458437431539458661e-10
9.958005703970742960e-11 1.431973664992032657e-10
9.863066325302185836e-11 1.375331484587209933e-10
9.658380239837192948e-11 1.258799528263311309e-10
9.230169382957079817e-11 1.038755280577375018e-10
8.388703396949244259e-11 6.920635097782098034e-11
6.925192280702607700e-11 3.107563558369204873e-11
4.866518521775127435e-11 8.364252504324899149e-12
2.742274053592199126e-11 1.742183200935530149e-12
1.218676899757885649e-11 3.560015778950307640e-13
4.417427880716053984e-12 7.274392837706873547e-14
1.378519732399260341e-12 1.486420129643725821e-14
3.883649467330201340e-13 3.037291016725679291e-15
1.021269703960735227e-13 6.206278114986002342e-16
2.561521573163830053e-14 1.268165869797949756e-16
6.213002749027549942e-15 2.591319053906139158e-17
1.470394569614389980e-15 5.294996970867001481e-18
3.415735060995824249e-16 1.081958351644414739e-18
