# gdm [m/s^2] gbar [m/s^2]
1.095455084554033725e-10 1.186232233801207232e-10
1.087826399398373933e-10 1.186304327967722631e-10
1.088157768110250740e-10 1.186271163745053995e-10
1.088182548177854231e-10 1.186269668302443876e-10
1.088111670838341268e-10 1.186255369970185669e-10
1.088096789095617319e-10 1.186223657208877890e-10
1.088082701319591215e-10 1.186153400837185085e-10
1.088048669317205057e-10 1.185998149435764200e-10
1.087973839195835467e-10 1.185654759727968827e-10
1.087808109608397392e-10 1.184895507440501837e-10
1.087441623282082478e-10 1.183217819413048335e-10
1.086631624273977399e-10 1.179515898885435039e-10
1.084843341527307486e-10 1.171372670983584711e-10
1.080904870081956943e-10 1.153582006864536522e-10
1.072277322842664824e-10 1.115296767424845253e-10
1.053598673118839321e-10 1.035593336150094301e-10
1.014172103678378373e-10 8.812027454190499757e-11
9.352675239173102284e-11 6.246696503228565204e-11
7.932061669270899849e-11 3.121604231755115343e-11
5.816350692913294034e-11 9.367570333875763916e-12
3.457652684526451548e-11 1.999911941051820669e-12
1.619131152776078443e-11 4.087445005694528187e-13
6.118292507015003335e-12 8.352120480804108436e-14
1.966068972162191045e-12 1.706638654916304920e-14
5.649416345283689471e-13 3.487276680393527546e-15
1.505597164535283445e-13 7.125760693738005884e-16
3.811529056997022527e-14 1.456049236067255937e-16
9.306808975458621293e-15 2.975232356196200894e-17
2.213540739757231150e-15 6.079469947915953981e-18
5.161664645148787542e-16 1.242254399749329014e-18
