# gdm [m/s^2] gbar [m/s^2]
1.813433893993834040e-10 1.807822559014974312e-11
1.857547559863896321e-10 1.804436714388418739e-11
1.882904164162440934e-10 1.804404583789085219e-11
1.880732802526575454e-10 1.804291730968490575e-11
1.879508871912419695e-10 1.804307701287247057e-11
1.879640984635748048e-10 1.804298860871020503e-11
1.879624310769575535e-10 1.804270480744377308e-11
1.879612796615379902e-10 1.804205846995852470e-11
1.879578620898192870e-10 1.804063251319450968e-11
1.879499845559418583e-10 1.803747837063122850e-11
1.879327044036936858e-10 1.803050297004566802e-11
1.878944673191933436e-10 1.801508269437890824e-11
1.878099272096837312e-10 1.798102239954735553e-11
1.876231331729586450e-10 1.790593081229582279e-11
1.872110164241186197e-10 1.774106276247240003e-11
1.863047323503345224e-10 1.738237782708496775e-11
1.843259261516763467e-10 1.661757279452906080e-11
1.800721562068418457e-10 1.505711217240828349e-11
1.712282084980778223e-10 1.216253832712160744e-11
1.540665047285836972e-10 7.766541754200524876e-12
1.249068427500543287e-10 3.253895611106306075e-12
8.539241019759341228e-11 8.257374465224129652e-13
4.655353831582328071e-11 1.705271373184038106e-13
2.005771108769780157e-11 3.484508899581168359e-14
7.098633429839449631e-12 7.120105121920668573e-15
2.178701259470137500e-12 1.454893599303957261e-15
6.069700495712061264e-13 2.972870974585600272e-16
1.584048142330435374e-13 6.074644795854318723e-17
3.952029223578835632e-14 1.241268447613810478e-17
9.548962686478322939e-15 2.536357944900877564e-18
