# gdm [m/s^2] gbar [m/s^2]
7.535897214840819589e-11 3.559409752248806961e-10
7.537184655319055377e-11 3.559434347514275340e-10
7.535479923013355147e-11 3.559426456578752583e-10
7.535108055404603318e-11 3.559377014463383851e-10
7.535023768201617111e-11 3.559271183252455906e-10
7.534893844031946949e-11 3.559036927194623280e-10
7.534661697705860674e-11 3.558519003149043012e-10
7.534139836738214994e-11 3.557373497689835374e-10
7.532986562719383393e-11 3.554840862076789858e-10
7.530436292032403050e-11 3.549245330292950151e-10
7.524799706135450549e-11 3.536901981387740429e-10
7.512355625612633639e-11 3.509767101732964451e-10
7.484949670989511153e-11 3.450567694028407690e-10
7.424917529040657998e-11 3.323562222549792316e-10
7.294961394561474970e-11 3.060929117475124760e-10
7.020713302784290110e-11 2.559514935060387334e-10
6.472111047718601151e-11 1.751230052237956354e-10
5.485263904535880578e-11 8.225991261434406479e-11
4.017728435923079433e-11 2.311670392941921210e-11
2.385002528658952700e-11 4.855130247486376515e-12
1.115229729226916000e-11 9.921494484252844476e-13
4.209264010379862251e-12 2.027318217137263388e-13
1.351496348800134899e-12 4.142540380175848525e-14
3.881295728457873643e-13 8.464700142447100607e-15
1.033993548303091681e-13 1.729642729481430589e-15
2.616945323213653459e-14 3.534282279706483984e-16
6.388734911422082595e-15 7.221810041887821596e-17
1.519292283837019113e-15 1.475675572960831496e-17
3.542399522927690723e-16 3.015336022413645862e-18
8.134169549829605484e-17 6.161416164003014406e-19
