# gdm [m/s^2] gbar [m/s^2]
6.527137813195481608e-11 2.348800846983520830e-10
6.527869932169070657e-11 2.348818306970418933e-10
6.529164751053313632e-11 2.348797671434634093e-10
6.528973321675152151e-11 2.348761758314176284e-10
6.528971890391024187e-11 2.348679490728743641e-10
6.528842732881012718e-11 2.348497380617835281e-10
6.528576685736205508e-11 2.348094571086975599e-10
6.527987933216777238e-11 2.347203760745268039e-10
6.526684945335535477e-11 2.345234442501433262e-10
6.523804084966863405e-11 2.340884485802668882e-10
6.517438572675478338e-11 2.331293660023819792e-10
6.503393871670112182e-11 2.310233413125376611e-10
6.472504755477033580e-11 2.264400507246792977e-10
6.405043955014746231e-11 2.166605468630638334e-10
6.259948297791201690e-11 1.966767824730577712e-10
5.957940365836915418e-11 1.594872872726772465e-10
5.370551968059444277e-11 1.026287171721907643e-10
4.368299523377741142e-11 4.353057172177050287e-11
3.001049468145029339e-11 1.115569903057379788e-11
1.645605953915056883e-11 2.306626919677471693e-12
7.128258246810876195e-12 4.713314181319087582e-13
2.533146606928265711e-12 9.630996335717391110e-14
7.796838547265558289e-13 1.967958995523278336e-14
2.176300341256592657e-13 4.021248137846472004e-15
5.687022028990008419e-14 8.216856460382711544e-16
1.420143624090387738e-14 1.678999349855859224e-16
3.433641585238080222e-15 3.430799637803452871e-17
#8.106904862009117264e-16 7.010357779925755349e-18
#1.879792609968854338e-16 1.432468269526540694e-18
#4.297648041039092971e-17 2.927047959058770919e-19
