# gdm [m/s^2] gbar [m/s^2]
2.002809796860807733e-13 1.382200000000000056e-15
3.229017274943703099e-13 2.438800000000000107e-15
5.127760184639232263e-13 4.302999999999999910e-15
8.065849156125943028e-13 7.592200000000000582e-15
1.268765685052451923e-12 1.339600000000000074e-14
1.936954147325222747e-12 2.363499999999999850e-14
2.937403591526825521e-12 4.170200000000000118e-14
4.449805802297952976e-12 7.358000000000000050e-14
6.396131347474719878e-12 1.298199999999999961e-13
9.194120594656222552e-12 2.290599999999999852e-13
1.300261302281027419e-11 4.041600000000000166e-13
1.737703609916589236e-11 7.130999999999999604e-13
2.322318920570280697e-11 1.258200000000000031e-12
2.996370170790261237e-11 2.219999999999999830e-12
3.687677698364872036e-11 3.916900000000000001e-12
