# gdm [m/s^2] gbar [m/s^2]
4.564414993273284050e-11 4.429076320525566410e-11
4.564549391458938376e-11 4.429042008160444978e-11
4.564680847730831109e-11 4.428976534129332139e-11
4.564625156970994471e-11 4.428837103765813370e-11
4.564546054709491945e-11 4.428528353487369319e-11
4.564378721471661477e-11 4.427845082081875173e-11
4.564008395350776460e-11 4.426333999347488256e-11
4.563188925978347074e-11 4.422993224134472783e-11
4.561376992729755451e-11 4.415612779683539431e-11
4.557372923093851125e-11 4.399334824455706145e-11
4.548536094006540101e-11 4.363563871615548047e-11
4.529089513672106367e-11 4.285588484891724857e-11
4.486564363700976173e-11 4.118608207761697622e-11
4.394845862765119014e-11 3.774694570888642391e-11
4.202808333404177585e-11 3.123748873067271143e-11
3.824803252561782434e-11 2.093090755141068012e-11
3.165282270579616397e-11 9.488926716201437512e-12
2.232789107407985558e-11 2.576676676304759056e-12
1.264040102899105510e-11 5.375284460606475984e-13
5.642429104772195700e-12 1.098404409558584281e-13
2.052360464261654604e-12 2.244435324439083348e-14
6.420219907415368062e-13 4.586188731293996067e-15
1.811697096668381789e-13 9.371233312015611029e-16
4.769430616014637870e-14 1.914880065641177274e-16
#1.197178947211765265e-14 3.912788790658433892e-17
#2.905388294427862432e-15 7.995234999313617331e-18
#6.878864159408891693e-16 1.633714113239739875e-18
#1.598474171813408410e-16 3.338265609488455180e-19
#3.660710629233967658e-17 6.821277473935908066e-20
#8.286472473318692053e-18 1.393832361456557538e-20
