# gdm [m/s^2] gbar [m/s^2]
6.192864098303758589e-11 2.128927533979229438e-10
6.193336931529395184e-11 2.128885205823700218e-10
6.193869309768702839e-11 2.128870147504623988e-10
6.194044588829518465e-11 2.128834112645382056e-10
6.193946284787679532e-11 2.128751573489597206e-10
6.193819505426791424e-11 2.128568609749919968e-10
6.193540123528043200e-11 2.128163893330737324e-10
6.192920698129534034e-11 2.127268888893651415e-10
6.191550517265366204e-11 2.125290448676870583e-10
6.188521067345443988e-11 2.120921061798009430e-10
6.181828141898750062e-11 2.111290901732430049e-10
6.167065266815307861e-11 2.090161275630147577e-10
6.134617121592734977e-11 2.044258850375884391e-10
6.063849354637015181e-11 1.946696430795515547e-10
5.912096152659677869e-11 1.749020678401767533e-10
5.598224347707412989e-11 1.387777432468352512e-10
4.995485968294370711e-11 8.556856384165107671e-11
3.990744140069700694e-11 3.394077998830109968e-11
2.669303435016853067e-11 8.272440345271418029e-12
1.418669829504836473e-11 1.701223149307444744e-12
5.972314744225159662e-12 3.476218730565396648e-13
2.076807338490270893e-12 7.103165324497281530e-14
6.297196258704772898e-13 1.451432189335601861e-14
1.740091793591182974e-13 2.965798068889275311e-15
4.516051354028233570e-14 6.060192305266246817e-16
1.122319339802495048e-14 1.238315283904763500e-16
2.704096259483626426e-15 2.530323569137573576e-17
6.367718124250832212e-16 5.170361254319717471e-18
1.473528054775512777e-16 1.056490791384527293e-18
3.363417155689618927e-17 2.158790725401942692e-19
