# gdm [m/s^2] gbar [m/s^2]
1.037756024126403767e-10 1.859024304566092747e-10
1.035254943118118453e-10 1.859075331066010129e-10
1.036530868341104182e-10 1.859049823698764404e-10
1.036545730392647212e-10 1.859040513164127320e-10
1.036509635090465020e-10 1.859012270611951220e-10
1.036510740434657029e-10 1.858950303324005769e-10
1.036492075214770565e-10 1.858813648088989850e-10
1.036455452874659479e-10 1.858511361854477345e-10
1.036374324505291496e-10 1.857842813564796241e-10
1.036194758688033334e-10 1.856364796772062870e-10
1.035797696376878370e-10 1.853099801711599983e-10
1.034920212869136504e-10 1.845899859431329461e-10
1.032983480444408576e-10 1.830083623252986708e-10
1.028720671468709586e-10 1.795633975781732060e-10
1.019395153619925860e-10 1.721990761889112436e-10
9.992642510007274539e-11 1.570893086340396378e-10
9.570363261438397261e-11 1.287240233307921619e-10
8.735994008727979456e-11 8.456971054667503226e-11
7.269826938779822752e-11 3.710300013517022986e-11
5.172580214598621635e-11 9.781879906655757196e-12
2.959724643720171141e-11 2.030627861444633638e-12
1.334774030691519317e-11 4.149383282611552629e-13
4.894319575664021102e-12 8.478682653663685666e-14
1.539705744270659382e-12 1.732499859498875316e-14
4.361366809109552067e-13 3.540120424092809907e-15
1.151121399265568424e-13 7.233739470953875595e-16
2.894622245304593945e-14 1.478113184441891599e-16
7.033923743454808284e-15 3.020316939521806643e-17
1.666970748209712332e-15 6.171593969379862648e-18
3.876483086357260104e-16 1.261078651199962707e-18
