# gdm [m/s^2] gbar [m/s^2]
1.127120712250592328e-13 1.382200000000000056e-15
1.820002017446876126e-13 2.438800000000000107e-15
2.906541832088261116e-13 4.302999999999999910e-15
4.641755081488545673e-13 7.592200000000000582e-15
7.274279443625283399e-13 1.339600000000000074e-14
1.128249934483884945e-12 2.363499999999999850e-14
1.749994726038816872e-12 4.170200000000000118e-14
2.616193311739731631e-12 7.358000000000000050e-14
3.885780734115761019e-12 1.298199999999999961e-13
5.752450035507379067e-12 2.290599999999999852e-13
8.030654104880627198e-12 4.041600000000000166e-13
1.121101395884813590e-11 7.130999999999999604e-13
1.533381995307282104e-11 1.258200000000000031e-12
1.976938653812430009e-11 2.219999999999999830e-12
2.548765375632038860e-11 3.916900000000000001e-12
