# gdm [m/s^2] gbar [m/s^2]
1.187093121313224056e-10 9.123852343804041473e-11
1.180594479777280281e-10 9.126875300192909762e-11
1.182614757702928611e-10 9.126451699441194910e-11
1.182320630876202925e-10 9.126420031518308249e-11
1.182335360768424818e-10 9.126324768082688477e-11
1.182356189099907371e-10 9.126123067441122558e-11
1.182337744696212552e-10 9.125675634702420493e-11
1.182307959671125226e-10 9.124686444602931269e-11
1.182240428933927244e-10 9.122498708163423423e-11
1.182091316638000797e-10 9.117661089895837977e-11
1.181761517763406773e-10 9.106969482459326243e-11
1.181032488353104527e-10 9.083367415174433105e-11
1.179422409625073439e-10 9.031398710643439293e-11
1.175873697467072136e-10 8.917617651316156374e-11
1.168086872493722394e-10 8.671601757194288718e-11
1.151166459407997966e-10 8.154103342578339327e-11
1.115169030781737721e-10 7.128934980558244773e-11
1.041942566649139930e-10 5.343123055908878050e-11
9.058748311259353262e-11 2.955179221362572425e-11
6.919612047341551097e-11 1.003795809794538583e-11
4.343574505758182617e-11 2.241710146119070346e-12
2.151848240573205790e-11 4.586188523085817857e-13
8.519736445528550572e-12 9.371233312015611423e-14
2.831145343370698961e-12 1.914880065641177205e-14
8.322123788184229273e-13 3.912788790658434237e-15
2.252124404089503366e-13 7.995234999313615914e-16
5.761983356651651794e-14 1.633714113239739498e-16
#1.417571511233002613e-14 3.338265609488455046e-17
#3.390353776496036910e-15 6.821277473935907296e-18
#7.939353749518879489e-16 1.393832361456557526e-18
