# gdm [m/s^2] gbar [m/s^2]
8.408465837179645910e-11 3.102671953970226748e-10
8.393746425786977504e-11 3.102745769899672854e-10
8.391490540494990584e-11 3.102736285187757875e-10
8.390944317602067966e-11 3.102702850801942119e-10
8.390840679136351919e-11 3.102628293437270143e-10
8.390717489649238444e-11 3.102464767033080891e-10
8.390499700709259383e-11 3.102102897079548440e-10
8.390032435190385047e-11 3.101302448816885625e-10
8.388998381740911876e-11 3.099532521158544414e-10
8.386711933761177784e-11 3.095621092619530146e-10
8.381657530489346964e-11 3.086987883818906538e-10
8.370494360854698891e-11 3.067985458593626397e-10
8.345887959029741827e-11 3.026414052977079939e-10
8.291884816604907979e-11 2.936684911766729255e-10
8.174490479562251609e-11 2.748655595803219796e-10
7.924519339925268943e-11 2.379230192328891944e-10
7.415090156125174600e-11 1.746827084770069842e-10
6.465068413743247704e-11 9.299922128233256107e-11
4.962098340375294228e-11 3.008030620049944596e-11
3.135378316341065429e-11 6.583510394022782709e-12
1.564280704232115028e-11 1.346126273036635027e-12
6.230596490058651913e-12 2.750620230742859705e-13
2.079505285290998420e-12 5.620506578622343371e-14
6.130842573023110460e-13 1.148471673670682282e-14
1.662438448889405415e-13 2.346740755078412586e-15
4.259131739559131603e-14 4.795235527180408596e-16
1.048858484942579963e-14 9.798391113876929592e-17
2.510310784028138962e-15 2.002163770190351065e-17
5.881704293973941557e-16 4.091140796559573919e-18
1.355746105660774006e-16 8.359672303770987758e-19
